23
4225

23 0 16
2228416384
5
1 3 8 7 0 
 1 1 1 0 1 0 0
 1 3 23 0 0 0 0
 1 8 4877 0 0 0 0
 1 7 1045 0 0 0 0
 1 0 0 0 1 0 0

 1 1
 1 2
 2 1
 2 0

 4 1
 3 2
 3 2
 4 1

4 3 0
1 1 4


23 1 16
3617956528
5
1 2 10 6 0 
 1 1 1 0 1 0 0
 1 2 2 49967 0 1 0
 1 10 32339 0 0 0 0
 1 6 807 0 0 0 0
 1 0 0 0 1 0 0

 1 1
 1 2
 2 1
 2 0

 4 1
 3 2
 3 2
 4 1

4 3 0
1 0 3


23 2 16
1904596176
5
1 3 10 5 0 
 1 1 1 0 1 0 0
 1 3 8 0 1 0 0
 1 10 33736 0 0 0 0
 1 5 361 0 0 0 0
 1 0 0 0 1 0 0

 1 1
 1 2
 2 1
 2 0

 4 1
 3 2
 3 2
 4 1

4 3 0
2 0 3


23 3 16
2246850176
5
1 3 11 4 0 
 1 1 1 0 1 0 0
 1 3 20 0 0 0 0
 1 11 87005 49967 0 1 0
 1 4 93 49967 0 1 0
 1 0 0 0 1 0 0

 1 1
 1 2
 2 1
 2 0

 4 1
 3 2
 3 2
 4 1

4 3 0
1 0 3


23 4 16
1535510736
5
1 3 12 3 0 
 1 1 2 0 1 0 0
 1 3 35 0 0 0 0
 1 12 171609 0 0 0 0
 1 3 28 0 0 0 0
 1 0 0 0 1 0 0

 1 1
 1 2
 2 1
 2 0

 4 1
 3 2
 3 2
 4 1

4 3 0
1 0 3


23 5 16
369317952
5
1 1 16 1 0 
 1 1 2 0 1 0 0
 1 1 0 0 0 0 0
 1 16 5029650 0 0 0 0
 1 1 1 0 0 0 0
 1 0 0 0 1 0 0

 1 1
 1 2
 2 1
 2 0

 4 1
 3 2
 3 2
 4 1

4 3 0
1 0 3


23 6 16
1918435648
5
1 6 1 11 0 
 1 1 2 0 1 0 0
 1 6 637 0 0 0 0
 1 1 1 0 0 0 0
 1 11 66624 0 0 0 0
 1 0 0 0 1 0 0

 1 1
 1 2
 2 1
 2 0

 4 1
 3 2
 3 2
 4 1

4 3 0
1 0 3


23 7 16
1926492480
5
1 7 5 6 0 
 1 1 1 0 1 0 0
 1 7 1026 0 0 0 0
 1 5 311 0 0 0 0
 1 6 788 0 0 0 0
 1 0 0 0 1 0 0

 1 1
 1 2
 2 1
 2 0

 4 1
 3 2
 3 2
 4 1

4 3 0
1 0 3


23 8 16
2344699392
5
1 6 3 9 0 
 1 1 1 0 1 0 0
 1 6 439 0 0 0 0
 1 3 26 0 0 0 0
 1 9 16149 0 0 0 0
 1 0 0 0 1 0 0

 1 1
 1 2
 2 1
 2 0

 4 1
 3 2
 3 2
 4 1

4 3 0
1 0 3


23 9 16
2416617792
5
1 4 1 13 0 
 1 1 1 0 1 0 0
 1 4 19 0 1 0 0
 1 1 0 0 0 0 0
 1 13 484062 0 0 0 0
 1 0 0 0 1 0 0

 1 1
 1 2
 2 1
 2 0

 4 1
 3 2
 3 2
 4 1

4 3 0
2 1 4


23 10 16
2025568128
5
1 3 2 13 0 
 1 1 2 0 1 0 0
 1 3 14 0 0 0 0
 1 2 10 0 0 0 0
 1 13 632462 0 0 0 0
 1 0 0 0 1 0 0

 1 1
 1 2
 2 1
 2 0

 4 1
 3 2
 3 2
 4 1

4 3 0
1 1 4


23 11 16
2178916672
5
1 3 3 12 0 
 1 1 1 0 1 0 0
 1 3 35 0 0 0 0
 1 3 37 0 0 0 0
 1 12 158133 0 0 0 0
 1 0 0 0 1 0 0

 1 1
 1 2
 2 1
 2 0

 4 1
 3 2
 3 2
 4 1

4 3 0
1 0 3


23 12 16
2280906624
5
1 3 4 11 0 
 1 1 1 0 1 0 0
 1 3 28 0 0 0 0
 1 4 47 0 0 0 0
 1 11 54742 0 0 0 0
 1 0 0 0 1 0 0

 1 1
 1 2
 2 1
 2 0

 4 1
 3 2
 3 2
 4 1

4 3 0
1 0 3


23 13 16
2339760192
5
1 3 5 10 0 
 1 1 1 0 1 0 0
 1 3 22 0 0 0 0
 1 5 325 0 0 0 0
 1 10 25342 0 0 0 0
 1 0 0 0 1 0 0

 1 1
 1 2
 2 1
 2 0

 4 1
 3 2
 3 2
 4 1

4 3 0
1 1 4


23 14 16
2349689088
5
1 3 6 9 0 
 1 1 1 0 1 0 0
 1 3 22 0 0 0 0
 1 6 758 0 0 0 0
 1 9 14716 0 0 0 0
 1 0 0 0 1 0 0

 1 1
 1 2
 2 1
 2 0

 4 1
 3 2
 3 2
 4 1

4 3 0
1 1 4


23 15 16
1200268800
5
1 4 7 7 0 
 1 1 2 0 1 0 0
 1 4 87 0 0 0 0
 1 7 1948 0 0 0 0
 1 7 2064 0 0 0 0
 1 0 0 0 1 0 0

 1 1
 1 2
 2 1
 2 0

 4 1
 3 2
 3 2
 4 1

4 3 0
1 0 3


