27
65583

27 0 16
49849180416
5
1 2 1 19 0 
 1 1 1 0 1 0 0
 1 2 4 0 1 0 0
 1 1 0 0 0 0 0
 2 3 36 4629385 0 0 0
 1 0 0 0 1 0 0

 1 1
 1 2
 2 1
 2 0

 4 1
 3 2
 3 2
 4 1

4 3 0
2 0 3


27 1 16
0
3
1 24 0 
 1 1 1 0 1 0 0
 2 8 2986 9825724 0 0 0
 1 0 0 0 1 0 0

 1 1
 2 0

 2 1
 2 1

2 1 0
1 1 2


27 2 16
50014327808
5
1 2 3 17 0 
 1 1 1 0 1 0 0
 1 2 2 0 0 0 0
 1 3 14 0 0 0 0
 2 1 1 7312372 0 0 0
 1 0 0 0 1 0 0

 1 1
 1 2
 2 1
 2 0

 4 1
 3 2
 3 2
 4 1

4 3 0
1 0 3


27 3 16
53520680576
5
1 1 10 11 0 
 1 1 1 0 1 0 0
 1 1 2 0 1 0 0
 1 10 33046 49967 0 1 0
 1 11 83744 49967 0 1 0
 1 0 0 0 1 0 0

 1 1
 1 2
 2 1
 2 0

 4 1
 3 2
 3 2
 4 1

4 3 0
2 1 4


27 4 16
29955604800
5
1 0 18 4 0 
 1 1 1 0 1 0 0
 1 0 0 0 1 0 0
 2 2 3 7040553 0 0 0
 1 4 47 49967 0 1 0
 1 0 0 0 1 0 0

 1 1
 1 2
 2 1
 2 0

 4 1
 3 2
 3 2
 4 1

4 3 0
2 1 4


27 5 16
64704106368
5
1 1 12 9 0 
 1 1 1 0 1 0 0
 1 1 2 0 1 0 0
 1 12 218480 49967 0 1 0
 1 9 574 49967 1 1 0
 1 0 0 0 1 0 0

 1 1
 1 2
 2 1
 2 0

 4 1
 3 2
 3 2
 4 1

4 3 0
2 0 3


27 6 16
59911209600
5
1 1 13 8 0 
 1 1 1 0 1 0 0
 1 1 2 0 1 0 0
 1 13 533173 49967 0 1 0
 1 8 4466 49967 0 1 0
 1 0 0 0 1 0 0

 1 1
 1 2
 2 1
 2 0

 4 1
 3 2
 3 2
 4 1

4 3 0
2 1 4


27 7 16
53520680576
5
1 1 14 7 0 
 1 1 1 0 1 0 0
 1 1 2 0 1 0 0
 1 14 1639562 49967 0 1 0
 1 7 128 49967 1 1 0
 1 0 0 0 1 0 0

 1 1
 1 2
 2 1
 2 0

 4 1
 3 2
 3 2
 4 1

4 3 0
2 0 3


27 8 16
17573954816
5
1 1 15 6 0 
 1 1 2 0 1 0 0
 1 1 0 0 0 0 0
 1 15 2362922 0 0 0 0
 1 6 975 0 0 0 0
 1 0 0 0 1 0 0

 1 1
 1 2
 2 1
 2 0

 4 1
 3 2
 3 2
 4 1

4 3 0
1 1 4


27 9 16
18589003584
5
1 1 16 5 0 
 1 1 2 0 1 0 0
 1 1 0 0 0 0 0
 1 16 6633943 0 0 0 0
 1 5 152 0 0 0 0
 1 0 0 0 1 0 0

 1 1
 1 2
 2 1
 2 0

 4 1
 3 2
 3 2
 4 1

4 3 0
1 1 4


27 10 16
19354003200
5
1 1 1 20 0 
 1 1 2 0 1 0 0
 1 1 1 0 1 0 0
 1 1 1 0 1 0 0
 2 4 109 7145884 0 0 0
 1 0 0 0 1 0 0

 1 1
 1 2
 2 1
 2 0

 4 1
 3 2
 3 2
 4 1

4 3 0
5 0 3


27 11 16
19889447616
5
1 1 2 19 0 
 1 1 1 0 1 0 0
 1 1 0 0 0 0 0
 1 2 8 0 0 0 0
 2 3 8 7460486 1 0 0
 1 0 0 0 1 0 0

 1 1
 1 2
 2 1
 2 0

 4 1
 3 2
 3 2
 4 1

4 3 0
1 1 4


27 12 16
20203648704
5
1 1 3 18 0 
 1 1 2 0 1 0 0
 1 1 1 0 1 0 0
 1 3 14 0 0 0 0
 2 2 11 8903413 0 0 0
 1 0 0 0 1 0 0

 1 1
 1 2
 2 1
 2 0

 4 1
 3 2
 3 2
 4 1

4 3 0
2 1 4


27 13 16
20307390016
5
1 1 4 17 0 
 1 1 2 0 1 0 0
 1 1 1 0 1 0 0
 1 4 97 0 0 0 0
 2 1 2 8722817 1 0 0
 1 0 0 0 1 0 0

 1 1
 1 2
 2 1
 2 0

 4 1
 3 2
 3 2
 4 1

4 3 0
2 1 4


27 14 16
46963988992
5
1 2 15 5 0 
 1 1 1 0 1 0 0
 1 2 3 0 1 0 0
 1 15 3860611 0 0 0 0
 1 5 37 0 1 0 0
 1 0 0 0 1 0 0

 1 1
 1 2
 2 1
 2 0

 4 1
 3 2
 3 2
 4 1

4 3 0
2 0 3


27 15 16
0
5
1 3 11 8 0 
 1 1 2 0 1 0 0
 1 3 33 0 0 0 0
 1 11 91071 0 0 0 0
 1 8 5834 0 0 0 0
 1 0 0 0 1 0 0

 1 1
 1 2
 2 1
 2 0

 4 1
 3 2
 3 2
 4 1

4 3 0
1 0 3


